2.022000000000000000e+03
9.207000000000000000e+03
3.344000000000000000e+03
9.208000000000000000e+03
3.293000000000000000e+03
9.245000000000000000e+03
3.351000000000000000e+03
9.251000000000000000e+03
3.352000000000000000e+03
9.250000000000000000e+03
3.348000000000000000e+03
9.226000000000000000e+03
3.300000000000000000e+03
9.077000000000000000e+03
3.318000000000000000e+03
9.078000000000000000e+03
3.312000000000000000e+03
9.084000000000000000e+03
3.319000000000000000e+03
9.083000000000000000e+03
3.305000000000000000e+03
9.026000000000000000e+03
3.306000000000000000e+03
9.180000000000000000e+03
3.339000000000000000e+03
9.181000000000000000e+03
3.327000000000000000e+03
9.273000000000000000e+03
3.356000000000000000e+03
9.272000000000000000e+03
3.313000000000000000e+03
9.097000000000000000e+03
3.322000000000000000e+03
9.096000000000000000e+03
3.308000000000000000e+03
1.008100000000000000e+04
3.567000000000000000e+03
1.008200000000000000e+04
3.340000000000000000e+03
9.188000000000000000e+03
3.341000000000000000e+03
9.234000000000000000e+03
3.349000000000000000e+03
9.233000000000000000e+03
3.281000000000000000e+03
9.062000000000000000e+03
3.315000000000000000e+03
9.063000000000000000e+03
3.311000000000000000e+03
9.221000000000000000e+03
3.347000000000000000e+03
9.240000000000000000e+03
3.350000000000000000e+03
9.239000000000000000e+03
3.302000000000000000e+03
9.163000000000000000e+03
3.336000000000000000e+03
9.164000000000000000e+03
3.303000000000000000e+03
9.010000000000000000e+03
3.288000000000000000e+03
9.145000000000000000e+03
3.332000000000000000e+03
9.146000000000000000e+03
3.307000000000000000e+03
1.008600000000000000e+04
3.568000000000000000e+03
1.008700000000000000e+04
3.323000000000000000e+03
9.102000000000000000e+03
3.278000000000000000e+03
9.700000000000000000e+03
3.486000000000000000e+03
9.701000000000000000e+03
3.354000000000000000e+03
9.261000000000000000e+03
3.337000000000000000e+03
9.169000000000000000e+03
3.325000000000000000e+03
9.158000000000000000e+03
3.335000000000000000e+03
9.196000000000000000e+03
3.342000000000000000e+03
9.195000000000000000e+03
3.299000000000000000e+03
9.001000000000000000e+03
3.301000000000000000e+03
9.201000000000000000e+03
3.343000000000000000e+03
9.202000000000000000e+03
3.330000000000000000e+03
9.134000000000000000e+03
3.304000000000000000e+03
9.017000000000000000e+03
3.284000000000000000e+03
8.963000000000000000e+03
3.291000000000000000e+03
9.037000000000000000e+03
3.309000000000000000e+03
9.215000000000000000e+03
3.346000000000000000e+03
9.216000000000000000e+03
3.345000000000000000e+03
9.585000000000000000e+03
3.450000000000000000e+03
9.584000000000000000e+03
3.317000000000000000e+03
9.256000000000000000e+03
3.353000000000000000e+03
9.267000000000000000e+03
3.355000000000000000e+03
9.266000000000000000e+03
3.310000000000000000e+03
9.276000000000000000e+03
3.357000000000000000e+03
9.277000000000000000e+03
3.334000000000000000e+03
9.155000000000000000e+03
3.333000000000000000e+03
9.175000000000000000e+03
3.338000000000000000e+03
9.174000000000000000e+03
3.290000000000000000e+03
8.990000000000000000e+03
3.298000000000000000e+03
9.091000000000000000e+03
3.321000000000000000e+03
1.016000000000000000e+04
3.583000000000000000e+03
1.015900000000000000e+04
3.320000000000000000e+03
9.107000000000000000e+03
3.324000000000000000e+03
9.114000000000000000e+03
3.326000000000000000e+03
9.124000000000000000e+03
3.328000000000000000e+03
9.123000000000000000e+03
3.314000000000000000e+03
