3.277000000000000000e+03
8.908000000000000000e+03
3.279000000000000000e+03
8.907000000000000000e+03
3.246000000000000000e+03
8.768000000000000000e+03
3.244000000000000000e+03
8.759000000000000000e+03
3.242000000000000000e+03
8.753000000000000000e+03
3.240000000000000000e+03
8.747000000000000000e+03
3.225000000000000000e+03
8.692000000000000000e+03
3.197000000000000000e+03
8.594000000000000000e+03
3.182000000000000000e+03
8.559000000000000000e+03
3.183000000000000000e+03
8.564000000000000000e+03
3.187000000000000000e+03
8.565000000000000000e+03
3.184000000000000000e+03
8.866000000000000000e+03
3.270000000000000000e+03
8.921000000000000000e+03
3.282000000000000000e+03
8.933000000000000000e+03
3.285000000000000000e+03
1.010900000000000000e+04
3.572000000000000000e+03
1.011000000000000000e+04
3.294000000000000000e+03
8.973000000000000000e+03
3.286000000000000000e+03
8.952000000000000000e+03
3.289000000000000000e+03
8.953000000000000000e+03
3.287000000000000000e+03
